100	0.175406 
200	0.142551 
300	0.130201 
400	0.123845 
500	0.120086 
600	0.117534 
700	0.114805 
800	0.113231 
900	0.109934 
1000	0.107698 
1100	0.106618 
1200	0.105821 
1300	0.104882 
1400	0.104332 
1500	0.103773 
1600	0.103327 
1700	0.102939 
1800	0.102634 
1900	0.102291 
2000	0.101970 
2100	0.101827 
2200	0.101727 
2300	0.101591 
2400	0.101491 
2500	0.101383 
2600	0.101157 
2700	0.100950 
2800	0.100775 
2900	0.100565 
3000	0.100348 
3100	0.100165 
3200	0.100001 
3300	0.099839 
3400	0.099646 
3500	0.099438 
3600	0.099345 
3700	0.099213 
3800	0.099096 
3900	0.099011 
4000	0.098899 
4100	0.098880 
4200	0.098836 
4300	0.098840 
4400	0.098791 
4500	0.098748 
4600	0.098660 
4700	0.098593 
4800	0.098553 
4900	0.098476 
5000	0.098403 
5100	0.098365 
5200	0.098289 
5300	0.098258 
5400	0.098283 
5500	0.098287 
5600	0.098244 
5700	0.098234 
5800	0.098205 
5900	0.098159 
6000	0.098139 
6100	0.098076 
6200	0.097958 
6300	0.097843 
6400	0.097720 
6500	0.097618 
6600	0.097577 
6700	0.097471 
6800	0.097390 
6900	0.097274 
7000	0.097224 
7100	0.097187 
7200	0.097192 
7300	0.097162 
7400	0.097128 
7500	0.097063 
7600	0.097003 
7700	0.096885 
7800	0.096813 
7900	0.096794 
8000	0.096766 
8100	0.096797 
8200	0.096756 
8300	0.096784 
8400	0.096786 
8500	0.096778 
8600	0.096760 
8700	0.096726 
8800	0.096682 
8900	0.096606 
9000	0.096498 
9100	0.096504 
9200	0.096477 
9300	0.096444 
9400	0.096419 
9500	0.096352 
9600	0.096319 
9700	0.096233 
9800	0.096201 
9900	0.096183 
10000	0.096131 
10100	0.096045 
10200	0.095995 
10300	0.095939 
10400	0.095974 
10500	0.095969 
10600	0.095943 
10700	0.095927 
10800	0.095890 
10900	0.095832 
11000	0.095741 
11100	0.095688 
11200	0.095619 
11300	0.095549 
11400	0.095427 
11500	0.095289 
11600	0.095235 
11700	0.095162 
11800	0.095086 
11900	0.095019 
12000	0.094989 
12100	0.094964 
12200	0.095015 
12300	0.094993 
12400	0.094978 
12500	0.094962 
12600	0.094961 
12700	0.094864 
12800	0.094823 
12900	0.094748 
13000	0.094662 
13100	0.094523 
13200	0.094381 
13300	0.094387 
13400	0.094378 
13500	0.094360 
13600	0.094251 
13700	0.094187 
13800	0.094105 
13900	0.094042 
14000	0.093999 
14100	0.093936 
14200	0.093921 
14300	0.093871 
14400	0.093821 
14500	0.093730 
14600	0.093684 
14700	0.093608 
14800	0.093614 
14900	0.093567 
15000	0.093587 
15100	0.093575 
15200	0.093546 
15300	0.093550 
15400	0.093528 
15500	0.093473 
15600	0.093475 
15700	0.093438 
15800	0.093473 
15900	0.093442 
16000	0.093445 
16100	0.093357 
16200	0.093362 
16300	0.093332 
16400	0.093322 
16500	0.093325 
16600	0.093290 
16700	0.093301 
16800	0.093281 
16900	0.093269 
17000	0.093211 
17100	0.093178 
17200	0.093250 
17300	0.093297 
17400	0.093314 
17500	0.093377 
17600	0.093417 
17700	0.093439 
17800	0.093445 
17900	0.093443 
18000	0.093358 
18100	0.093217 
18200	0.093247 
18300	0.093230 
18400	0.093218 
18500	0.093245 
18600	0.093304 
18700	0.093377 
18800	0.093410 
18900	0.093296 
19000	0.093275 
19100	0.093165 
19200	0.093138 
19300	0.093125 
19400	0.093080 
19500	0.093146 
19600	0.093038 
19700	0.093008 
19800	0.092901 
19900	0.092885 
20000	0.092937 
20100	0.092977 
20200	0.092989 
20300	0.093003 
20400	0.093026 
20500	0.093054 
20600	0.093061 
20700	0.093042 
20800	0.093033 
20900	0.093022 
21000	0.093004 
21100	0.092994 
21200	0.092936 
21300	0.092873 
21400	0.092832 
21500	0.092818 
21600	0.092840 
21700	0.092887 
21800	0.092882 
21900	0.092902 
22000	0.092894 
22100	0.092892 
22200	0.092848 
22300	0.092877 
22400	0.092890 
22500	0.092901 
22600	0.092942 
22700	0.092973 
22800	0.092994 
22900	0.092974 
23000	0.092998 
23100	0.092985 
23200	0.092940 
23300	0.093008 
23400	0.092986 
23500	0.092968 
23600	0.093003 
23700	0.093042 
23800	0.093003 
23900	0.092980 
24000	0.093015 
24100	0.092987 
24200	0.093015 
24300	0.093097 
24400	0.093056 
24500	0.093054 
24600	0.093038 
24700	0.093056 
24800	0.093100 
24900	0.093100 
25000	0.093111 
25100	0.093182 
25200	0.093194 
25300	0.093198 
25400	0.093148 
25500	0.093192 
25600	0.093206 
25700	0.093261 
25800	0.093279 
25900	0.093314 
26000	0.093275 
26100	0.093283 
26200	0.093232 
26300	0.093173 
26400	0.093197 
26500	0.093227 
26600	0.093174 
26700	0.093140 
26800	0.093161 
26900	0.093134 
27000	0.093125 
27100	0.093153 
27200	0.093179 
27300	0.093230 
27400	0.093203 
27500	0.093229 
27600	0.093285 
27700	0.093312 
27800	0.093255 
27900	0.093225 
28000	0.093217 
28100	0.093196 
28200	0.093195 
28300	0.093172 
28400	0.093205 
28500	0.093224 
28600	0.093282 
28700	0.093400 
28800	0.093420 
28900	0.093453 
29000	0.093492 
29100	0.093477 
29200	0.093372 
29300	0.093346 
29400	0.093349 
29500	0.093240 
29600	0.093203 
29700	0.093150 
29800	0.093048 
29900	0.093028 
30000	0.092995 
30100	0.092934 
30200	0.092898 
30300	0.092870 
30400	0.092867 
30500	0.092926 
30600	0.092933 
30700	0.092944 
30800	0.092968 
30900	0.092900 
31000	0.092826 
31100	0.092773 
31200	0.092713 
31300	0.092632 
31400	0.092641 
31500	0.092613 
31600	0.092648 
31700	0.092638 
31800	0.092745 
31900	0.092767 
32000	0.092813 
32100	0.092756 
32200	0.092664 
32300	0.092610 
32400	0.092554 
32500	0.092582 
32600	0.092617 
32700	0.092637 
32800	0.092718 
32900	0.092759 
33000	0.092807 
33100	0.092838 
33200	0.092825 
33300	0.092871 
33400	0.092887 
33500	0.092909 
33600	0.092895 
33700	0.092955 
33800	0.092954 
33900	0.092928 
34000	0.092937 
34100	0.092906 
34200	0.092818 
34300	0.092752 
34400	0.092783 
34500	0.092814 
34600	0.092804 
34700	0.092865 
34800	0.092859 
34900	0.092842 
35000	0.092895 
35100	0.092881 
35200	0.092890 
35300	0.092931 
35400	0.092930 
35500	0.092950 
35600	0.092771 
35700	0.092642 
35800	0.092633 
35900	0.092617 
36000	0.092618 
36100	0.092613 
36200	0.092575 
36300	0.092566 
36400	0.092601 
36500	0.092550 
36600	0.092523 
36700	0.092515 
36800	0.092468 
36900	0.092532 
37000	0.092555 
37100	0.092521 
37200	0.092601 
37300	0.092601 
37400	0.092596 
37500	0.092598 
37600	0.092582 
37700	0.092515 
37800	0.092511 
37900	0.092522 
38000	0.092529 
38100	0.092510 
38200	0.092547 
38300	0.092450 
38400	0.092393 
38500	0.092402 
38600	0.092439 
38700	0.092462 
38800	0.092422 
38900	0.092404 
39000	0.092376 
39100	0.092471 
39200	0.092498 
39300	0.092512 
39400	0.092508 
39500	0.092494 
39600	0.092540 
39700	0.092575 
39800	0.092646 
39900	0.092638 
40000	0.092638 
40100	0.092686 
40200	0.092716 
40300	0.092605 
40400	0.092603 
40500	0.092552 
40600	0.092446 
40700	0.092472 
40800	0.092464 
40900	0.092453 
41000	0.092436 
41100	0.092430 
41200	0.092415 
41300	0.092308 
41400	0.092328 
41500	0.092291 
41600	0.092295 
41700	0.092342 
41800	0.092322 
41900	0.092321 
42000	0.092415 
42100	0.092460 
42200	0.092470 
42300	0.092396 
42400	0.092333 
42500	0.092399 
42600	0.092385 
42700	0.092411 
42800	0.092435 
42900	0.092445 
43000	0.092515 
43100	0.092488 
43200	0.092454 
43300	0.092476 
43400	0.092390 
43500	0.092282 
43600	0.092294 
43700	0.092261 
43800	0.092271 
43900	0.092238 
44000	0.092107 
44100	0.092228 
44200	0.092159 
44300	0.092212 
44400	0.092160 
44500	0.092125 
44600	0.092123 
44700	0.092172 
44800	0.092225 
44900	0.092273 
45000	0.092304 
45100	0.092315 
45200	0.092383 
45300	0.092417 
45400	0.092480 
45500	0.092460 
45600	0.092436 
45700	0.092438 
45800	0.092382 
45900	0.092304 
46000	0.092328 
46100	0.092299 
46200	0.092381 
46300	0.092397 
46400	0.092344 
46500	0.092313 
46600	0.092338 
46700	0.092376 
46800	0.092339 
46900	0.092340 
47000	0.092284 
47100	0.092263 
47200	0.092260 
47300	0.092139 
47400	0.092048 
47500	0.092028 
47600	0.091969 
47700	0.092025 
47800	0.092019 
47900	0.092049 
48000	0.092064 
48100	0.092096 
48200	0.092182 
48300	0.092169 
48400	0.092212 
48500	0.092293 
48600	0.092210 
48700	0.092290 
48800	0.092250 
48900	0.092266 
49000	0.092195 
49100	0.092188 
49200	0.092091 
49300	0.092053 
49400	0.092051 
49500	0.091980 
49600	0.091925 
49700	0.091938 
49800	0.091834 
49900	0.091889 
50000	0.091910 
50100	0.091779 
50200	0.091928 
50300	0.091884 
50400	0.091957 
50500	0.092036 
50600	0.092042 
50700	0.092030 
50800	0.091979 
50900	0.091979 
51000	0.091954 
51100	0.091894 
51200	0.091893 
51300	0.091832 
51400	0.091848 
51500	0.091871 
51600	0.091846 
51700	0.091790 
51800	0.091757 
51900	0.091717 
52000	0.091653 
52100	0.091631 
52200	0.091643 
52300	0.091644 
52400	0.091584 
52500	0.091534 
52600	0.091593 
52700	0.091606 
52800	0.091624 
52900	0.091584 
53000	0.091654 
53100	0.091709 
53200	0.091712 
53300	0.091762 
53400	0.091786 
53500	0.091818 
53600	0.091802 
53700	0.091841 
53800	0.091862 
53900	0.091781 
54000	0.091910 
54100	0.091882 
54200	0.091901 
54300	0.091785 
54400	0.091863 
54500	0.091849 
54600	0.091910 
54700	0.091781 
54800	0.091857 
54900	0.091814 
55000	0.091914 
55100	0.091928 
55200	0.091980 
55300	0.091971 
55400	0.091972 
55500	0.092054 
55600	0.092149 
55700	0.092107 
55800	0.092157 
55900	0.092233 
56000	0.092237 
56100	0.092283 
56200	0.092197 
56300	0.092158 
56400	0.092226 
56500	0.092319 
56600	0.092306 
56700	0.092263 
56800	0.092356 
56900	0.092368 
57000	0.092444 
57100	0.092476 
57200	0.092410 
57300	0.092437 
57400	0.092458 
57500	0.092481 
57600	0.092469 
57700	0.092508 
57800	0.092569 
57900	0.092603 
58000	0.092616 
58100	0.092720 
58200	0.092611 
58300	0.092624 
58400	0.092750 
58500	0.092798 
58600	0.092766 
58700	0.092803 
58800	0.092836 
58900	0.092835 
59000	0.092888 
59100	0.092890 
59200	0.093016 
59300	0.093038 
59400	0.093114 
59500	0.093201 
59600	0.093271 
59700	0.093417 
59800	0.093535 
59900	0.093392 
60000	0.093404 
60100	0.093460 
60200	0.093368 
60300	0.093337 
60400	0.093406 
60500	0.093572 
60600	0.093542 
60700	0.093468 
60800	0.093353 
60900	0.093335 
61000	0.093456 
61100	0.093566 
61200	0.093561 
61300	0.093727 
61400	0.093696 
61500	0.093813 
61600	0.093981 
61700	0.094012 
61800	0.093999 
61900	0.094089 
62000	0.094074 
62100	0.094094 
62200	0.094113 
62300	0.094166 
62400	0.094186 
62500	0.094241 
62600	0.094381 
62700	0.094465 
62800	0.094410 
62900	0.094474 
63000	0.094633 
63100	0.094741 
63200	0.094652 
63300	0.094635 
63400	0.094675 
63500	0.094771 
63600	0.094727 
63700	0.094708 
63800	0.094728 
63900	0.094808 
64000	0.094818 
64100	0.094860 
64200	0.094886 
64300	0.094847 
64400	0.094844 
64500	0.094763 
64600	0.094803 
64700	0.094754 
64800	0.094818 
64900	0.094830 
65000	0.094967 
65100	0.094980 
65200	0.094830 
65300	0.094875 
65400	0.094812 
65500	0.094875 
65600	0.094783 
65700	0.094858 
65800	0.094850 
65900	0.094794 
66000	0.094879 
66100	0.094876 
66200	0.094755 
66300	0.094802 
66400	0.094724 
66500	0.094739 
66600	0.094709 
66700	0.094625 
66800	0.094602 
66900	0.094515 
67000	0.094516 
67100	0.094516 
67200	0.094353 
67300	0.094325 
67400	0.094274 
67500	0.094284 
67600	0.094335 
67700	0.094270 
67800	0.094322 
67900	0.094247 
68000	0.094261 
68100	0.094173 
68200	0.094294 
68300	0.094222 
68400	0.094215 
68500	0.094200 
68600	0.094298 
68700	0.094244 
68800	0.094311 
68900	0.094282 
69000	0.094307 
69100	0.094266 
69200	0.094289 
69300	0.094342 
69400	0.094385 
69500	0.094467 
69600	0.094507 
69700	0.094562 
69800	0.094542 
69900	0.094493 
70000	0.094448 
70100	0.094336 
70200	0.094319 
70300	0.094292 
70400	0.094317 
70500	0.094239 
70600	0.094242 
70700	0.094217 
70800	0.094186 
70900	0.094206 
71000	0.094232 
71100	0.094362 
71200	0.094281 
71300	0.094245 
71400	0.094261 
71500	0.094272 
71600	0.094170 
71700	0.094230 
71800	0.094183 
71900	0.094175 
72000	0.094160 
72100	0.094096 
72200	0.094072 
72300	0.094161 
72400	0.094131 
72500	0.094206 
72600	0.094257 
72700	0.094289 
72800	0.094357 
72900	0.094290 
73000	0.094336 
73100	0.094320 
73200	0.094297 
73300	0.094331 
73400	0.094357 
73500	0.094307 
73600	0.094292 
73700	0.094307 
73800	0.094335 
73900	0.094256 
74000	0.094380 
74100	0.094341 
74200	0.094338 
74300	0.094255 
74400	0.094290 
74500	0.094248 
74600	0.094257 
74700	0.094409 
74800	0.094343 
74900	0.094395 
75000	0.094357 
75100	0.094396 
75200	0.094468 
75300	0.094472 
75400	0.094588 
75500	0.094632 
75600	0.094692 
75700	0.094648 
75800	0.094698 
75900	0.094711 
76000	0.094633 
76100	0.094703 
76200	0.094723 
76300	0.094566 
76400	0.094551 
76500	0.094523 
76600	0.094458 
76700	0.094425 
76800	0.094450 
76900	0.094492 
77000	0.094488 
77100	0.094504 
77200	0.094659 
77300	0.094716 
77400	0.094697 
77500	0.094757 
77600	0.094743 
77700	0.094623 
77800	0.094628 
77900	0.094611 
78000	0.094626 
78100	0.094655 
78200	0.094562 
78300	0.094532 
78400	0.094669 
78500	0.094619 
78600	0.094644 
78700	0.094649 
78800	0.094643 
78900	0.094621 
79000	0.094668 
79100	0.094612 
79200	0.094677 
79300	0.094721 
79400	0.094632 
79500	0.094589 
79600	0.094619 
79700	0.094634 
79800	0.094636 
79900	0.094749 
80000	0.094631 
80100	0.094637 
80200	0.094564 
80300	0.094497 
80400	0.094404 
80500	0.094300 
80600	0.094261 
80700	0.094118 
80800	0.094067 
80900	0.094044 
81000	0.094077 
81100	0.094035 
81200	0.094030 
81300	0.093940 
81400	0.093982 
81500	0.093986 
81600	0.093952 
81700	0.093900 
81800	0.093908 
81900	0.093910 
82000	0.094005 
82100	0.094134 
82200	0.094232 
82300	0.094325 
82400	0.094353 
82500	0.094343 
82600	0.094345 
82700	0.094321 
82800	0.094285 
82900	0.094285 
83000	0.094282 
83100	0.094317 
83200	0.094521 
83300	0.094538 
83400	0.094588 
83500	0.094798 
83600	0.094921 
83700	0.094971 
83800	0.095060 
83900	0.095063 
84000	0.095099 
84100	0.095113 
84200	0.095109 
84300	0.095221 
84400	0.095171 
84500	0.095093 
84600	0.095069 
84700	0.095034 
84800	0.094836 
84900	0.094802 
85000	0.094652 
85100	0.094560 
85200	0.094435 
85300	0.094449 
85400	0.094414 
85500	0.094381 
85600	0.094361 
85700	0.094371 
85800	0.094248 
85900	0.094214 
86000	0.094152 
86100	0.094199 
86200	0.094176 
86300	0.094173 
86400	0.094032 
86500	0.094142 
86600	0.094127 
86700	0.094137 
86800	0.094021 
86900	0.094030 
87000	0.094041 
87100	0.093976 
87200	0.094040 
87300	0.094063 
87400	0.094093 
87500	0.094125 
87600	0.094087 
87700	0.094223 
87800	0.094335 
87900	0.094230 
88000	0.094164 
88100	0.094040 
88200	0.093907 
88300	0.093884 
88400	0.093865 
88500	0.093760 
88600	0.093712 
88700	0.093639 
88800	0.093440 
88900	0.093486 
89000	0.093410 
89100	0.093390 
89200	0.093280 
89300	0.093274 
89400	0.093272 
89500	0.093188 
89600	0.093106 
89700	0.093049 
89800	0.092995 
89900	0.092896 
90000	0.092749 
90100	0.092654 
90200	0.092596 
90300	0.092537 
90400	0.092542 
90500	0.092441 
90600	0.092274 
90700	0.092128 
90800	0.092181 
90900	0.092124 
91000	0.092070 
91100	0.092104 
91200	0.092218 
91300	0.092193 
91400	0.092075 
91500	0.091956 
91600	0.091884 
91700	0.091865 
91800	0.091813 
91900	0.091871 
92000	0.091811 
92100	0.091852 
92200	0.091767 
92300	0.091766 
92400	0.091674 
92500	0.091643 
92600	0.091642 
92700	0.091637 
92800	0.091605 
92900	0.091644 
93000	0.091529 
93100	0.091517 
93200	0.091502 
93300	0.091519 
93400	0.091508 
93500	0.091529 
93600	0.091603 
93700	0.091570 
93800	0.091570 
93900	0.091609 
94000	0.091676 
94100	0.091552 
94200	0.091640 
94300	0.091685 
94400	0.091626 
94500	0.091627 
94600	0.091661 
94700	0.091653 
94800	0.091642 
94900	0.091749 
95000	0.091778 
95100	0.091856 
95200	0.091842 
95300	0.091894 
95400	0.091919 
95500	0.091992 
95600	0.092005 
95700	0.092053 
95800	0.091998 
95900	0.092049 
96000	0.092060 
96100	0.092075 
96200	0.092224 
96300	0.092309 
96400	0.092278 
96500	0.092232 
96600	0.092202 
96700	0.092138 
96800	0.092087 
96900	0.092106 
97000	0.092118 
97100	0.092163 
97200	0.092099 
97300	0.092201 
97400	0.092253 
97500	0.092266 
97600	0.092261 
97700	0.092189 
97800	0.092161 
97900	0.092103 
98000	0.092075 
98100	0.092080 
98200	0.092084 
98300	0.092081 
98400	0.092004 
98500	0.091978 
98600	0.092002 
98700	0.092008 
98800	0.092056 
98900	0.092025 
99000	0.092128 
99100	0.092100 
99200	0.092165 
99300	0.092164 
99400	0.092137 
99500	0.092177 
99600	0.092164 
99700	0.092149 
99800	0.092249 
99900	0.092208 
100000	0.092263 
