100	0.152244 
200	0.138074 
300	0.111769 
400	0.121456 
500	0.119741 
600	0.107282 
700	0.114167 
800	0.114235 
900	0.158987 
1000	0.148085 
1100	0.154235 
1200	0.153118 
1300	0.153596 
1400	0.161439 
1500	0.158688 
1600	0.172003 
1700	0.165033 
1800	0.159296 
1900	0.151086 
2000	0.172509 
2100	0.182965 
2200	0.172020 
2300	0.164152 
2400	0.168267 
2500	0.173606 
2600	0.172855 
2700	0.183729 
2800	0.188818 
2900	0.197261 
3000	0.246959 
3100	0.213077 
3200	0.206981 
3300	0.220340 
3400	0.242186 
3500	0.226083 
3600	0.243124 
3700	0.242761 
3800	0.234199 
3900	0.235939 
4000	0.237275 
4100	0.235714 
4200	0.237475 
4300	0.234892 
4400	0.236903 
4500	0.234474 
4600	0.237623 
4700	0.239054 
4800	0.236073 
4900	0.233101 
5000	0.235699 
5100	0.237472 
5200	0.240497 
5300	0.242027 
5400	0.239401 
5500	0.242309 
5600	0.249196 
5700	0.242577 
5800	0.235691 
5900	0.236303 
6000	0.241240 
6100	0.248944 
6200	0.245848 
6300	0.243177 
6400	0.245414 
6500	0.243894 
6600	0.243698 
6700	0.247346 
6800	0.240504 
6900	0.239352 
7000	0.236989 
7100	0.242752 
7200	0.242890 
7300	0.237862 
7400	0.234336 
7500	0.244497 
7600	0.243202 
7700	0.240271 
7800	0.238578 
7900	0.247826 
8000	0.241661 
8100	0.232882 
8200	0.244691 
8300	0.239061 
8400	0.241012 
8500	0.249123 
8600	0.244878 
8700	0.242295 
8800	0.244729 
8900	0.246968 
9000	0.244835 
9100	0.242999 
9200	0.236122 
9300	0.238494 
9400	0.240570 
9500	0.241552 
9600	0.239088 
9700	0.238716 
9800	0.235173 
9900	0.233949 
10000	0.242102 
10100	0.241453 
10200	0.240340 
10300	0.237579 
10400	0.241803 
10500	0.244587 
10600	0.244037 
10700	0.241838 
10800	0.242486 
10900	0.245711 
11000	0.248646 
11100	0.242239 
11200	0.243209 
11300	0.242388 
11400	0.249383 
11500	0.245692 
11600	0.240959 
11700	0.246205 
11800	0.255575 
11900	0.246602 
12000	0.241162 
12100	0.243773 
12200	0.240664 
12300	0.243633 
12400	0.239873 
12500	0.240599 
12600	0.242641 
12700	0.244702 
12800	0.243027 
12900	0.243321 
13000	0.241001 
13100	0.242857 
13200	0.248563 
13300	0.242725 
13400	0.246372 
13500	0.244611 
13600	0.248275 
13700	0.248642 
13800	0.242770 
13900	0.239684 
14000	0.234577 
14100	0.239273 
14200	0.238714 
14300	0.240870 
14400	0.239472 
14500	0.235364 
14600	0.243625 
14700	0.244833 
14800	0.257031 
14900	0.246850 
15000	0.239436 
15100	0.246687 
15200	0.242775 
15300	0.247795 
15400	0.249622 
15500	0.256159 
15600	0.255609 
15700	0.250490 
15800	0.246684 
15900	0.240963 
16000	0.239991 
16100	0.249841 
16200	0.247052 
16300	0.239585 
16400	0.234483 
16500	0.239824 
16600	0.245832 
16700	0.244734 
16800	0.240764 
16900	0.242057 
17000	0.242984 
17100	0.249006 
17200	0.237686 
17300	0.238570 
17400	0.237446 
17500	0.239438 
17600	0.242885 
17700	0.239846 
17800	0.248769 
17900	0.248013 
18000	0.245912 
18100	0.239551 
18200	0.240478 
18300	0.241080 
18400	0.245144 
18500	0.239660 
18600	0.239060 
18700	0.241009 
18800	0.243345 
18900	0.250908 
19000	0.250170 
19100	0.246968 
19200	0.251831 
19300	0.246739 
19400	0.250579 
19500	0.241191 
19600	0.249319 
19700	0.242331 
19800	0.241855 
19900	0.243038 
20000	0.251352 
20100	0.245724 
20200	0.241098 
20300	0.242336 
20400	0.239004 
20500	0.242579 
20600	0.241274 
20700	0.249470 
20800	0.243924 
20900	0.247461 
21000	0.248353 
21100	0.242088 
21200	0.242232 
21300	0.238853 
21400	0.247131 
21500	0.236566 
21600	0.245114 
21700	0.242972 
21800	0.254727 
21900	0.240265 
22000	0.255941 
22100	0.238195 
22200	0.250113 
22300	0.242606 
22400	0.246520 
22500	0.250592 
22600	0.240221 
22700	0.250838 
22800	0.260053 
22900	0.241854 
23000	0.247218 
23100	0.255848 
23200	0.254998 
23300	0.264344 
23400	0.257872 
23500	0.253859 
23600	0.257575 
23700	0.253810 
23800	0.255303 
23900	0.255743 
24000	0.253429 
24100	0.252554 
24200	0.251682 
24300	0.252494 
24400	0.254291 
24500	0.247089 
24600	0.251505 
24700	0.247937 
24800	0.253702 
24900	0.257557 
25000	0.257589 
25100	0.255071 
25200	0.254969 
25300	0.256164 
25400	0.258303 
25500	0.252650 
25600	0.249949 
25700	0.251097 
25800	0.258463 
25900	0.256086 
26000	0.262271 
26100	0.259631 
26200	0.257860 
26300	0.255191 
26400	0.254486 
26500	0.257393 
26600	0.261961 
26700	0.262370 
26800	0.258459 
26900	0.257868 
27000	0.259258 
27100	0.261974 
27200	0.253176 
27300	0.256510 
27400	0.260824 
27500	0.264039 
27600	0.260021 
27700	0.257776 
27800	0.256147 
27900	0.256803 
28000	0.255823 
28100	0.249658 
28200	0.256924 
28300	0.258937 
28400	0.265334 
28500	0.253069 
28600	0.261762 
28700	0.257207 
28800	0.254096 
28900	0.255195 
29000	0.258406 
29100	0.256271 
29200	0.263095 
29300	0.250905 
29400	0.252737 
29500	0.255283 
29600	0.251402 
29700	0.259622 
29800	0.255532 
29900	0.249445 
30000	0.255966 
30100	0.255029 
30200	0.251480 
30300	0.252239 
30400	0.263178 
30500	0.252284 
30600	0.256999 
30700	0.265306 
30800	0.261662 
30900	0.253884 
31000	0.256587 
31100	0.250680 
31200	0.250422 
31300	0.255947 
31400	0.256115 
31500	0.258201 
31600	0.249539 
31700	0.255709 
31800	0.259871 
31900	0.258981 
32000	0.254626 
32100	0.250252 
32200	0.259127 
32300	0.253012 
32400	0.257845 
32500	0.264425 
32600	0.257271 
32700	0.267767 
32800	0.253384 
32900	0.255045 
33000	0.253510 
33100	0.257100 
33200	0.257439 
33300	0.256273 
33400	0.259408 
33500	0.262391 
33600	0.259559 
33700	0.256451 
33800	0.257034 
33900	0.265595 
34000	0.257468 
34100	0.255390 
34200	0.254971 
34300	0.253670 
34400	0.249983 
34500	0.257779 
34600	0.256012 
34700	0.252764 
34800	0.252663 
34900	0.251483 
35000	0.255073 
35100	0.257600 
35200	0.257627 
35300	0.252171 
35400	0.258212 
35500	0.250794 
35600	0.256670 
35700	0.251968 
35800	0.255227 
35900	0.260487 
36000	0.250643 
36100	0.260812 
36200	0.248085 
36300	0.251917 
36400	0.258258 
36500	0.248942 
36600	0.253659 
36700	0.255762 
36800	0.254975 
36900	0.250650 
37000	0.250253 
37100	0.255636 
37200	0.262375 
37300	0.254401 
37400	0.254149 
37500	0.255740 
37600	0.257969 
37700	0.257151 
37800	0.253348 
37900	0.254024 
38000	0.252509 
38100	0.255265 
38200	0.252698 
38300	0.259908 
38400	0.256867 
38500	0.251155 
38600	0.252128 
38700	0.253628 
38800	0.260632 
38900	0.256836 
39000	0.254016 
39100	0.253502 
39200	0.262507 
39300	0.257962 
39400	0.266414 
39500	0.260285 
39600	0.260409 
39700	0.256580 
39800	0.262633 
39900	0.260712 
40000	0.262951 
40100	0.256842 
40200	0.260401 
40300	0.259238 
40400	0.257267 
40500	0.257589 
40600	0.258041 
40700	0.257432 
40800	0.261632 
40900	0.260617 
41000	0.261841 
41100	0.263483 
41200	0.257969 
41300	0.257520 
41400	0.251670 
41500	0.259021 
41600	0.259068 
41700	0.262107 
41800	0.260885 
41900	0.261553 
42000	0.253711 
42100	0.260384 
42200	0.258668 
42300	0.259653 
42400	0.256272 
42500	0.259604 
42600	0.261622 
42700	0.263116 
42800	0.262505 
42900	0.259314 
43000	0.260017 
43100	0.258460 
43200	0.254822 
43300	0.258200 
43400	0.257353 
43500	0.261152 
43600	0.263462 
43700	0.254481 
43800	0.261279 
43900	0.257405 
44000	0.257769 
44100	0.261759 
44200	0.255269 
44300	0.262557 
44400	0.257888 
44500	0.262540 
44600	0.262331 
44700	0.270222 
44800	0.256463 
44900	0.260182 
45000	0.258531 
45100	0.257846 
45200	0.256842 
45300	0.258498 
45400	0.258378 
45500	0.257168 
45600	0.258343 
45700	0.258333 
45800	0.250407 
45900	0.251613 
46000	0.250420 
46100	0.254634 
46200	0.254052 
46300	0.252530 
46400	0.249439 
46500	0.254766 
46600	0.257054 
46700	0.250924 
46800	0.255407 
46900	0.253581 
47000	0.261787 
47100	0.257882 
47200	0.257683 
47300	0.249692 
47400	0.252378 
47500	0.257759 
47600	0.261729 
47700	0.254916 
47800	0.255634 
47900	0.258144 
48000	0.258833 
48100	0.260999 
48200	0.259850 
48300	0.252940 
48400	0.258660 
48500	0.254389 
48600	0.262301 
48700	0.255890 
48800	0.256168 
48900	0.255799 
49000	0.253954 
49100	0.255731 
49200	0.256299 
49300	0.254961 
49400	0.261747 
49500	0.257018 
49600	0.251141 
49700	0.251603 
49800	0.255276 
49900	0.254953 
50000	0.255529 
50100	0.263604 
50200	0.256776 
50300	0.252206 
50400	0.262829 
50500	0.257380 
50600	0.252654 
50700	0.255054 
50800	0.264990 
50900	0.262051 
51000	0.254699 
51100	0.259426 
51200	0.253611 
51300	0.254179 
51400	0.257003 
51500	0.254700 
51600	0.253847 
51700	0.261225 
51800	0.262763 
51900	0.256873 
52000	0.261437 
52100	0.258161 
52200	0.257767 
52300	0.261776 
52400	0.257986 
52500	0.264280 
52600	0.253221 
52700	0.257956 
52800	0.250154 
52900	0.264051 
53000	0.261670 
53100	0.259019 
53200	0.257353 
53300	0.260266 
53400	0.253120 
53500	0.260653 
53600	0.249945 
53700	0.255507 
53800	0.250845 
53900	0.251018 
54000	0.257681 
54100	0.254583 
54200	0.254508 
54300	0.255501 
54400	0.254883 
54500	0.253809 
54600	0.263251 
54700	0.252499 
54800	0.251435 
54900	0.258352 
55000	0.257574 
55100	0.257865 
55200	0.253877 
55300	0.253251 
55400	0.253485 
55500	0.257755 
55600	0.259035 
55700	0.256600 
55800	0.255311 
55900	0.267910 
56000	0.251873 
56100	0.258211 
56200	0.258791 
56300	0.258272 
56400	0.258960 
56500	0.255842 
56600	0.249871 
56700	0.254308 
56800	0.263610 
56900	0.268029 
57000	0.265386 
57100	0.256752 
57200	0.255257 
57300	0.258627 
57400	0.253513 
57500	0.258213 
57600	0.253643 
57700	0.259342 
57800	0.254389 
57900	0.256960 
58000	0.254286 
58100	0.253846 
58200	0.256737 
58300	0.252499 
58400	0.252556 
58500	0.261278 
58600	0.253241 
58700	0.262389 
58800	0.256618 
58900	0.262770 
59000	0.256387 
59100	0.262303 
59200	0.257752 
59300	0.259574 
59400	0.264052 
59500	0.260107 
59600	0.263497 
59700	0.254010 
59800	0.251254 
59900	0.252333 
60000	0.258168 
60100	0.254734 
60200	0.263643 
60300	0.251874 
60400	0.253664 
60500	0.258739 
60600	0.256627 
60700	0.255940 
60800	0.253656 
60900	0.253862 
61000	0.255911 
61100	0.256512 
61200	0.262800 
61300	0.258384 
61400	0.259055 
61500	0.254065 
61600	0.255558 
61700	0.259503 
61800	0.259754 
61900	0.258734 
62000	0.257387 
62100	0.258309 
62200	0.262466 
62300	0.259742 
62400	0.253847 
62500	0.258627 
62600	0.263043 
62700	0.252930 
62800	0.262273 
62900	0.257230 
63000	0.257856 
63100	0.260003 
63200	0.253618 
63300	0.256759 
63400	0.254178 
63500	0.259025 
63600	0.252042 
63700	0.254973 
63800	0.258236 
63900	0.256331 
64000	0.253901 
64100	0.262511 
64200	0.263229 
64300	0.254309 
64400	0.252841 
64500	0.258141 
64600	0.258185 
64700	0.258588 
64800	0.267693 
64900	0.258265 
65000	0.261415 
65100	0.260199 
65200	0.263912 
65300	0.261813 
65400	0.256933 
65500	0.259511 
65600	0.261028 
65700	0.264151 
65800	0.258779 
65900	0.256358 
66000	0.251837 
66100	0.262244 
66200	0.253636 
66300	0.260040 
66400	0.255305 
66500	0.260102 
66600	0.254084 
66700	0.258296 
66800	0.255411 
66900	0.262243 
67000	0.251255 
67100	0.254139 
67200	0.255107 
67300	0.256215 
67400	0.258501 
67500	0.255521 
67600	0.257465 
67700	0.256323 
67800	0.256058 
67900	0.259665 
68000	0.254923 
68100	0.265674 
68200	0.263358 
68300	0.255131 
68400	0.253288 
68500	0.255104 
68600	0.254871 
68700	0.256110 
68800	0.253884 
68900	0.262821 
69000	0.254017 
69100	0.254631 
69200	0.252967 
69300	0.253685 
69400	0.258961 
69500	0.260358 
69600	0.253995 
69700	0.262030 
69800	0.259644 
69900	0.256484 
70000	0.259878 
70100	0.252619 
70200	0.255273 
70300	0.254458 
70400	0.265010 
70500	0.251994 
70600	0.255940 
70700	0.259682 
70800	0.259332 
70900	0.255658 
71000	0.267090 
71100	0.270827 
71200	0.253055 
71300	0.252290 
71400	0.257412 
71500	0.255647 
71600	0.256839 
71700	0.256421 
71800	0.253086 
71900	0.256032 
72000	0.250732 
72100	0.258410 
72200	0.252744 
72300	0.257093 
72400	0.256961 
72500	0.255209 
72600	0.251540 
72700	0.260082 
72800	0.261214 
72900	0.251035 
73000	0.248218 
73100	0.252108 
73200	0.255172 
73300	0.256273 
73400	0.262935 
73500	0.262999 
73600	0.254330 
73700	0.261303 
73800	0.257490 
73900	0.259700 
74000	0.254154 
74100	0.259339 
74200	0.265023 
74300	0.259417 
74400	0.257571 
74500	0.259799 
74600	0.254218 
74700	0.255583 
74800	0.256361 
74900	0.255480 
75000	0.253994 
75100	0.254309 
75200	0.258703 
75300	0.256893 
75400	0.252362 
75500	0.257660 
75600	0.260213 
75700	0.254210 
75800	0.257225 
75900	0.256082 
76000	0.263386 
76100	0.262928 
76200	0.257925 
76300	0.253517 
76400	0.256393 
76500	0.258541 
76600	0.258205 
76700	0.260355 
76800	0.253127 
76900	0.261977 
77000	0.253210 
77100	0.253704 
77200	0.256171 
77300	0.261402 
77400	0.257343 
77500	0.260124 
77600	0.254735 
77700	0.266402 
77800	0.265315 
77900	0.263782 
78000	0.265042 
78100	0.256522 
78200	0.257612 
78300	0.261033 
78400	0.262171 
78500	0.256706 
78600	0.252410 
78700	0.264479 
78800	0.259271 
78900	0.260925 
79000	0.254148 
79100	0.255087 
79200	0.257863 
79300	0.259634 
79400	0.255681 
79500	0.257404 
79600	0.258107 
79700	0.263642 
79800	0.254005 
79900	0.258742 
80000	0.257258 
80100	0.255572 
80200	0.257612 
80300	0.253131 
80400	0.256954 
80500	0.257543 
80600	0.255382 
80700	0.257520 
80800	0.252161 
80900	0.255022 
81000	0.260439 
81100	0.263924 
81200	0.255580 
81300	0.257565 
81400	0.255690 
81500	0.259104 
81600	0.255851 
81700	0.250179 
81800	0.256913 
81900	0.258488 
82000	0.250026 
82100	0.259168 
82200	0.256189 
82300	0.256399 
82400	0.257739 
82500	0.254961 
82600	0.256008 
82700	0.251153 
82800	0.251368 
82900	0.254268 
83000	0.254012 
83100	0.253842 
83200	0.258739 
83300	0.264107 
83400	0.253875 
83500	0.251840 
83600	0.252647 
83700	0.249606 
83800	0.254238 
83900	0.255720 
84000	0.262095 
84100	0.251838 
84200	0.257901 
84300	0.253456 
84400	0.255026 
84500	0.253707 
84600	0.253525 
84700	0.254949 
84800	0.259048 
84900	0.255073 
85000	0.258213 
85100	0.250868 
85200	0.255656 
85300	0.256865 
85400	0.263108 
85500	0.259885 
85600	0.266737 
85700	0.257737 
85800	0.256653 
85900	0.250909 
86000	0.263267 
86100	0.254512 
86200	0.264673 
86300	0.262217 
86400	0.267295 
86500	0.261145 
86600	0.259100 
86700	0.259974 
86800	0.263040 
86900	0.267226 
87000	0.256806 
87100	0.255128 
87200	0.250931 
87300	0.257090 
87400	0.252060 
87500	0.257291 
87600	0.255910 
87700	0.257927 
87800	0.250229 
87900	0.253517 
88000	0.255927 
88100	0.252567 
88200	0.258106 
88300	0.257489 
88400	0.253650 
88500	0.257322 
88600	0.255069 
88700	0.258125 
88800	0.257211 
88900	0.256202 
89000	0.264493 
89100	0.256094 
89200	0.252441 
89300	0.255968 
89400	0.257975 
89500	0.258450 
89600	0.260624 
89700	0.258928 
89800	0.259900 
89900	0.255064 
90000	0.259695 
90100	0.268697 
90200	0.256921 
90300	0.255354 
90400	0.257614 
90500	0.253085 
90600	0.266467 
90700	0.259652 
90800	0.259606 
90900	0.263000 
91000	0.258825 
91100	0.254030 
91200	0.256717 
91300	0.252072 
91400	0.252350 
91500	0.259614 
91600	0.260810 
91700	0.252075 
91800	0.252905 
91900	0.252565 
92000	0.259045 
92100	0.258084 
92200	0.256203 
92300	0.258261 
92400	0.254472 
92500	0.252550 
92600	0.257350 
92700	0.254708 
92800	0.262507 
92900	0.264576 
93000	0.255798 
93100	0.256282 
93200	0.253290 
93300	0.255882 
93400	0.257410 
93500	0.257375 
93600	0.256092 
93700	0.253519 
93800	0.256758 
93900	0.261134 
94000	0.263487 
94100	0.253921 
94200	0.255905 
94300	0.260523 
94400	0.263561 
94500	0.267264 
94600	0.262079 
94700	0.254130 
94800	0.250477 
94900	0.256326 
95000	0.257049 
95100	0.253669 
95200	0.255522 
95300	0.259846 
95400	0.260558 
95500	0.258362 
95600	0.258668 
95700	0.253558 
95800	0.257730 
95900	0.259582 
96000	0.259108 
96100	0.260069 
96200	0.259271 
96300	0.253248 
96400	0.257062 
96500	0.251435 
96600	0.252113 
96700	0.252760 
96800	0.252933 
96900	0.254141 
97000	0.250651 
97100	0.253599 
97200	0.257529 
97300	0.263722 
97400	0.253863 
97500	0.257158 
97600	0.252559 
97700	0.259788 
97800	0.255216 
97900	0.255291 
98000	0.252422 
98100	0.259473 
98200	0.253743 
98300	0.249945 
98400	0.254549 
98500	0.255319 
98600	0.263578 
98700	0.256043 
98800	0.258703 
98900	0.257987 
99000	0.262126 
99100	0.249617 
99200	0.258579 
99300	0.253446 
99400	0.259331 
99500	0.250944 
99600	0.255524 
99700	0.258121 
99800	0.255807 
99900	0.251112 
100000	0.262217 
