100	0.184696 
200	0.168872 
300	0.155580 
400	0.146154 
500	0.140578 
600	0.137482 
700	0.135675 
800	0.133934 
900	0.132395 
1000	0.130943 
1100	0.129796 
1200	0.128908 
1300	0.128182 
1400	0.127280 
1500	0.126471 
1600	0.125754 
1700	0.125164 
1800	0.124562 
1900	0.124177 
2000	0.123811 
2100	0.123641 
2200	0.123442 
2300	0.123208 
2400	0.123025 
2500	0.122899 
2600	0.122809 
2700	0.122697 
2800	0.122655 
2900	0.122567 
3000	0.122484 
3100	0.122395 
3200	0.122233 
3300	0.122130 
3400	0.122020 
3500	0.121934 
3600	0.121897 
3700	0.121770 
3800	0.121669 
3900	0.121560 
4000	0.121423 
4100	0.121321 
4200	0.121182 
4300	0.121060 
4400	0.120900 
4500	0.120789 
4600	0.120585 
4700	0.120469 
4800	0.120333 
4900	0.120184 
5000	0.120047 
5100	0.119925 
5200	0.119748 
5300	0.119652 
5400	0.119476 
5500	0.119424 
5600	0.119387 
5700	0.119331 
5800	0.119319 
5900	0.119293 
6000	0.119142 
6100	0.119068 
6200	0.119027 
6300	0.119037 
6400	0.118913 
6500	0.118810 
6600	0.118777 
6700	0.118717 
6800	0.118665 
6900	0.118594 
7000	0.118602 
7100	0.118526 
7200	0.118498 
7300	0.118415 
7400	0.118351 
7500	0.118239 
7600	0.118133 
7700	0.118006 
7800	0.117958 
7900	0.117805 
8000	0.117751 
8100	0.117734 
8200	0.117720 
8300	0.117739 
8400	0.117751 
8500	0.117705 
8600	0.117556 
8700	0.117436 
8800	0.117393 
8900	0.117313 
9000	0.117119 
9100	0.116840 
9200	0.116806 
9300	0.116716 
9400	0.116556 
9500	0.116444 
9600	0.116290 
9700	0.116142 
9800	0.116076 
9900	0.116010 
10000	0.115861 
10100	0.115769 
10200	0.115724 
10300	0.115687 
10400	0.115660 
10500	0.115546 
10600	0.115456 
10700	0.115368 
10800	0.115161 
10900	0.115164 
11000	0.115024 
11100	0.114923 
11200	0.114880 
11300	0.114826 
11400	0.114780 
11500	0.114693 
11600	0.114597 
11700	0.114575 
11800	0.114543 
11900	0.114491 
12000	0.114367 
12100	0.114257 
12200	0.114294 
12300	0.114262 
12400	0.114213 
12500	0.114150 
12600	0.114076 
12700	0.114080 
12800	0.114035 
12900	0.114029 
13000	0.113968 
13100	0.113876 
13200	0.113818 
13300	0.113739 
13400	0.113674 
13500	0.113633 
13600	0.113580 
13700	0.113519 
13800	0.113510 
13900	0.113509 
14000	0.113462 
14100	0.113457 
14200	0.113478 
14300	0.113394 
14400	0.113344 
14500	0.113300 
14600	0.113284 
14700	0.113252 
14800	0.113254 
14900	0.113215 
15000	0.113127 
15100	0.113017 
15200	0.113018 
15300	0.113011 
15400	0.112963 
15500	0.112981 
15600	0.112966 
15700	0.112939 
15800	0.112925 
15900	0.112939 
16000	0.112909 
16100	0.112813 
16200	0.112743 
16300	0.112683 
16400	0.112680 
16500	0.112656 
16600	0.112596 
16700	0.112610 
16800	0.112635 
16900	0.112615 
17000	0.112567 
17100	0.112567 
17200	0.112491 
17300	0.112511 
17400	0.112436 
17500	0.112413 
17600	0.112405 
17700	0.112321 
17800	0.112377 
17900	0.112358 
18000	0.112353 
18100	0.112301 
18200	0.112388 
18300	0.112287 
18400	0.112256 
18500	0.112245 
18600	0.112203 
18700	0.112179 
18800	0.112068 
18900	0.111975 
19000	0.111979 
19100	0.111968 
19200	0.111979 
19300	0.111911 
19400	0.111871 
19500	0.111816 
19600	0.111799 
19700	0.111734 
19800	0.111707 
19900	0.111678 
20000	0.111624 
20100	0.111582 
20200	0.111681 
20300	0.111648 
20400	0.111585 
20500	0.111499 
20600	0.111473 
20700	0.111367 
20800	0.111311 
20900	0.111294 
21000	0.111209 
21100	0.111155 
21200	0.111166 
21300	0.111147 
21400	0.111050 
21500	0.111026 
21600	0.111045 
21700	0.111043 
21800	0.111027 
21900	0.111028 
22000	0.110915 
22100	0.110903 
22200	0.110808 
22300	0.110841 
22400	0.110841 
22500	0.110753 
22600	0.110755 
22700	0.110726 
22800	0.110704 
22900	0.110716 
23000	0.110741 
23100	0.110714 
23200	0.110674 
23300	0.110654 
23400	0.110600 
23500	0.110608 
23600	0.110576 
23700	0.110477 
23800	0.110504 
23900	0.110483 
24000	0.110386 
24100	0.110369 
24200	0.110261 
24300	0.110252 
24400	0.110191 
24500	0.110167 
24600	0.110046 
24700	0.110043 
24800	0.109980 
24900	0.109898 
25000	0.109838 
25100	0.109847 
25200	0.109773 
25300	0.109752 
25400	0.109679 
25500	0.109649 
25600	0.109632 
25700	0.109591 
25800	0.109481 
25900	0.109423 
26000	0.109405 
26100	0.109329 
26200	0.109365 
26300	0.109342 
26400	0.109278 
26500	0.109260 
26600	0.109258 
26700	0.109290 
26800	0.109252 
26900	0.109163 
27000	0.109175 
27100	0.109166 
27200	0.109112 
27300	0.109116 
27400	0.109153 
27500	0.109093 
27600	0.109096 
27700	0.109006 
27800	0.108992 
27900	0.109018 
28000	0.109008 
28100	0.108990 
28200	0.108865 
28300	0.108865 
28400	0.108837 
28500	0.108831 
28600	0.108799 
28700	0.108743 
28800	0.108723 
28900	0.108681 
29000	0.108657 
29100	0.108601 
29200	0.108608 
29300	0.108632 
29400	0.108605 
29500	0.108644 
29600	0.108532 
29700	0.108487 
29800	0.108482 
29900	0.108443 
30000	0.108328 
30100	0.108327 
30200	0.108334 
30300	0.108319 
30400	0.108276 
30500	0.108332 
30600	0.108314 
30700	0.108302 
30800	0.108319 
30900	0.108280 
31000	0.108287 
31100	0.108278 
31200	0.108258 
31300	0.108228 
31400	0.108209 
31500	0.108150 
31600	0.108142 
31700	0.108190 
31800	0.108156 
31900	0.107997 
32000	0.108002 
32100	0.107993 
32200	0.108022 
32300	0.108010 
32400	0.107976 
32500	0.107926 
32600	0.107923 
32700	0.107946 
32800	0.107897 
32900	0.107918 
33000	0.107930 
33100	0.107841 
33200	0.107883 
33300	0.107875 
33400	0.107827 
33500	0.107837 
33600	0.107772 
33700	0.107709 
33800	0.107719 
33900	0.107637 
34000	0.107624 
34100	0.107672 
34200	0.107654 
34300	0.107612 
34400	0.107585 
34500	0.107571 
34600	0.107581 
34700	0.107542 
34800	0.107505 
34900	0.107512 
35000	0.107481 
35100	0.107502 
35200	0.107478 
35300	0.107405 
35400	0.107388 
35500	0.107379 
35600	0.107385 
35700	0.107370 
35800	0.107407 
35900	0.107381 
36000	0.107404 
36100	0.107404 
36200	0.107337 
36300	0.107377 
36400	0.107302 
36500	0.107273 
36600	0.107248 
36700	0.107224 
36800	0.107245 
36900	0.107296 
37000	0.107256 
37100	0.107308 
37200	0.107276 
37300	0.107288 
37400	0.107202 
37500	0.107194 
37600	0.107177 
37700	0.107087 
37800	0.107046 
37900	0.107090 
38000	0.107008 
38100	0.106980 
38200	0.107017 
38300	0.107016 
38400	0.107059 
38500	0.107027 
38600	0.107079 
38700	0.107065 
38800	0.107038 
38900	0.107000 
39000	0.106989 
39100	0.106988 
39200	0.106973 
39300	0.106913 
39400	0.106901 
39500	0.106932 
39600	0.106911 
39700	0.106921 
39800	0.106929 
39900	0.106952 
40000	0.106908 
40100	0.106912 
40200	0.106902 
40300	0.106907 
40400	0.106920 
40500	0.106846 
40600	0.106849 
40700	0.106888 
40800	0.106852 
40900	0.106856 
41000	0.106848 
41100	0.106841 
41200	0.106748 
41300	0.106789 
41400	0.106726 
41500	0.106809 
41600	0.106797 
41700	0.106790 
41800	0.106815 
41900	0.106724 
42000	0.106729 
42100	0.106814 
42200	0.106769 
42300	0.106672 
42400	0.106683 
42500	0.106662 
42600	0.106732 
42700	0.106750 
42800	0.106761 
42900	0.106797 
43000	0.106751 
43100	0.106735 
43200	0.106749 
43300	0.106789 
43400	0.106729 
43500	0.106733 
43600	0.106714 
43700	0.106689 
43800	0.106710 
43900	0.106663 
44000	0.106657 
44100	0.106671 
44200	0.106659 
44300	0.106608 
44400	0.106589 
44500	0.106553 
44600	0.106511 
44700	0.106573 
44800	0.106497 
44900	0.106499 
45000	0.106488 
45100	0.106454 
45200	0.106387 
45300	0.106474 
45400	0.106458 
45500	0.106425 
45600	0.106353 
45700	0.106365 
45800	0.106368 
45900	0.106291 
46000	0.106351 
46100	0.106340 
46200	0.106364 
46300	0.106336 
46400	0.106385 
46500	0.106330 
46600	0.106373 
46700	0.106348 
46800	0.106330 
46900	0.106361 
47000	0.106393 
47100	0.106328 
47200	0.106291 
47300	0.106332 
47400	0.106272 
47500	0.106283 
47600	0.106295 
47700	0.106209 
47800	0.106249 
47900	0.106273 
48000	0.106266 
48100	0.106271 
48200	0.106259 
48300	0.106227 
48400	0.106223 
48500	0.106155 
48600	0.106162 
48700	0.106169 
48800	0.106162 
48900	0.106166 
49000	0.106125 
49100	0.106118 
49200	0.106126 
49300	0.106098 
49400	0.106125 
49500	0.106051 
49600	0.106107 
49700	0.106064 
49800	0.106037 
49900	0.106030 
50000	0.106049 
50100	0.106104 
50200	0.106065 
50300	0.106032 
50400	0.106057 
50500	0.106027 
50600	0.106015 
50700	0.106023 
50800	0.106008 
50900	0.106044 
51000	0.106047 
51100	0.106005 
51200	0.105928 
51300	0.105979 
51400	0.105964 
51500	0.105931 
51600	0.105982 
51700	0.106018 
51800	0.106036 
51900	0.105990 
52000	0.106037 
52100	0.105957 
52200	0.105885 
52300	0.105959 
52400	0.106024 
52500	0.105926 
52600	0.105912 
52700	0.105934 
52800	0.105900 
52900	0.105859 
53000	0.105840 
53100	0.105815 
53200	0.105825 
53300	0.105768 
53400	0.105805 
53500	0.105879 
53600	0.105827 
53700	0.105848 
53800	0.105821 
53900	0.105819 
54000	0.105860 
54100	0.105826 
54200	0.105910 
54300	0.105767 
54400	0.105826 
54500	0.105828 
54600	0.105799 
54700	0.105831 
54800	0.105723 
54900	0.105773 
55000	0.105778 
55100	0.105784 
55200	0.105753 
55300	0.105713 
55400	0.105681 
55500	0.105712 
55600	0.105715 
55700	0.105733 
55800	0.105727 
55900	0.105721 
56000	0.105709 
56100	0.105689 
56200	0.105679 
56300	0.105675 
56400	0.105681 
56500	0.105718 
56600	0.105695 
56700	0.105638 
56800	0.105713 
56900	0.105636 
57000	0.105717 
57100	0.105682 
57200	0.105696 
57300	0.105726 
57400	0.105721 
57500	0.105707 
57600	0.105591 
57700	0.105584 
57800	0.105590 
57900	0.105614 
58000	0.105683 
58100	0.105585 
58200	0.105576 
58300	0.105509 
58400	0.105507 
58500	0.105543 
58600	0.105560 
58700	0.105569 
58800	0.105552 
58900	0.105498 
59000	0.105514 
59100	0.105520 
59200	0.105506 
59300	0.105512 
59400	0.105548 
59500	0.105530 
59600	0.105463 
59700	0.105502 
59800	0.105528 
59900	0.105511 
60000	0.105549 
60100	0.105496 
60200	0.105471 
60300	0.105456 
60400	0.105476 
60500	0.105454 
60600	0.105390 
60700	0.105445 
60800	0.105460 
60900	0.105443 
61000	0.105476 
61100	0.105435 
61200	0.105403 
61300	0.105390 
61400	0.105439 
61500	0.105469 
61600	0.105496 
61700	0.105443 
61800	0.105449 
61900	0.105449 
62000	0.105420 
62100	0.105419 
62200	0.105383 
62300	0.105332 
62400	0.105341 
62500	0.105388 
62600	0.105408 
62700	0.105384 
62800	0.105414 
62900	0.105412 
63000	0.105441 
63100	0.105386 
63200	0.105450 
63300	0.105411 
63400	0.105380 
63500	0.105362 
63600	0.105334 
63700	0.105310 
63800	0.105334 
63900	0.105282 
64000	0.105317 
64100	0.105353 
64200	0.105401 
64300	0.105355 
64400	0.105328 
64500	0.105285 
64600	0.105312 
64700	0.105268 
64800	0.105369 
64900	0.105346 
65000	0.105368 
65100	0.105334 
65200	0.105337 
65300	0.105267 
65400	0.105274 
65500	0.105329 
65600	0.105264 
65700	0.105215 
65800	0.105250 
65900	0.105234 
66000	0.105250 
66100	0.105312 
66200	0.105285 
66300	0.105276 
66400	0.105309 
66500	0.105264 
66600	0.105294 
66700	0.105259 
66800	0.105256 
66900	0.105250 
67000	0.105190 
67100	0.105215 
67200	0.105206 
67300	0.105252 
67400	0.105195 
67500	0.105189 
67600	0.105231 
67700	0.105172 
67800	0.105224 
67900	0.105168 
68000	0.105088 
68100	0.105144 
68200	0.105185 
68300	0.105173 
68400	0.105161 
68500	0.105127 
68600	0.105093 
68700	0.105090 
68800	0.105095 
68900	0.105112 
69000	0.105124 
69100	0.105159 
69200	0.105083 
69300	0.105059 
69400	0.105071 
69500	0.105086 
69600	0.105035 
69700	0.105042 
69800	0.105069 
69900	0.105032 
70000	0.105066 
70100	0.105088 
70200	0.105102 
70300	0.105125 
70400	0.105111 
70500	0.105056 
70600	0.105071 
70700	0.105088 
70800	0.105098 
70900	0.105120 
71000	0.105055 
71100	0.105046 
71200	0.105093 
71300	0.105109 
71400	0.105095 
71500	0.105082 
71600	0.104973 
71700	0.104973 
71800	0.105015 
71900	0.105069 
72000	0.105069 
72100	0.105074 
72200	0.105004 
72300	0.105025 
72400	0.105033 
72500	0.105063 
72600	0.105109 
72700	0.104977 
72800	0.104984 
72900	0.105067 
73000	0.105022 
73100	0.105057 
73200	0.105076 
73300	0.104978 
73400	0.104975 
73500	0.104989 
73600	0.105049 
73700	0.105029 
73800	0.104965 
73900	0.104951 
74000	0.104959 
74100	0.104969 
74200	0.104902 
74300	0.104950 
74400	0.104925 
74500	0.104884 
74600	0.104910 
74700	0.104928 
74800	0.104990 
74900	0.104996 
75000	0.104961 
75100	0.105018 
75200	0.104979 
75300	0.104983 
75400	0.104948 
75500	0.104922 
75600	0.104943 
75700	0.104895 
75800	0.105009 
75900	0.104970 
76000	0.104951 
76100	0.104921 
76200	0.104969 
76300	0.104958 
76400	0.104943 
76500	0.104963 
76600	0.104951 
76700	0.104888 
76800	0.104980 
76900	0.104999 
77000	0.104927 
77100	0.104983 
77200	0.104933 
77300	0.104908 
77400	0.104968 
77500	0.104901 
77600	0.104918 
77700	0.104940 
77800	0.104909 
77900	0.104905 
78000	0.104887 
78100	0.104891 
78200	0.104948 
78300	0.104911 
78400	0.104943 
78500	0.104898 
78600	0.104877 
78700	0.104906 
78800	0.104946 
78900	0.104855 
79000	0.104976 
79100	0.104928 
79200	0.104962 
79300	0.104876 
79400	0.104883 
79500	0.104902 
79600	0.104961 
79700	0.104904 
79800	0.104946 
79900	0.104921 
80000	0.104978 
80100	0.104892 
80200	0.104992 
80300	0.104980 
80400	0.104933 
80500	0.104993 
80600	0.104957 
80700	0.104880 
80800	0.104953 
80900	0.104925 
81000	0.104854 
81100	0.104916 
81200	0.104888 
81300	0.104914 
81400	0.104903 
81500	0.104895 
81600	0.104886 
81700	0.104852 
81800	0.104872 
81900	0.104922 
82000	0.104874 
82100	0.104926 
82200	0.104908 
82300	0.104930 
82400	0.104815 
82500	0.104866 
82600	0.104877 
82700	0.104819 
82800	0.104845 
82900	0.104792 
83000	0.104774 
83100	0.104818 
83200	0.104803 
83300	0.104792 
83400	0.104812 
83500	0.104808 
83600	0.104760 
83700	0.104781 
83800	0.104825 
83900	0.104813 
84000	0.104775 
84100	0.104692 
84200	0.104645 
84300	0.104723 
84400	0.104758 
84500	0.104760 
84600	0.104783 
84700	0.104828 
84800	0.104822 
84900	0.104824 
85000	0.104801 
85100	0.104783 
85200	0.104783 
85300	0.104786 
85400	0.104795 
85500	0.104799 
85600	0.104777 
85700	0.104745 
85800	0.104729 
85900	0.104751 
86000	0.104768 
86100	0.104752 
86200	0.104742 
86300	0.104709 
86400	0.104708 
86500	0.104755 
86600	0.104758 
86700	0.104800 
86800	0.104714 
86900	0.104712 
87000	0.104737 
87100	0.104712 
87200	0.104711 
87300	0.104736 
87400	0.104744 
87500	0.104804 
87600	0.104768 
87700	0.104796 
87800	0.104738 
87900	0.104694 
88000	0.104695 
88100	0.104712 
88200	0.104712 
88300	0.104657 
88400	0.104724 
88500	0.104725 
88600	0.104684 
88700	0.104701 
88800	0.104707 
88900	0.104735 
89000	0.104729 
89100	0.104666 
89200	0.104661 
89300	0.104668 
89400	0.104632 
89500	0.104666 
89600	0.104706 
89700	0.104724 
89800	0.104766 
89900	0.104723 
90000	0.104718 
90100	0.104721 
90200	0.104674 
90300	0.104636 
90400	0.104665 
90500	0.104692 
90600	0.104677 
90700	0.104710 
90800	0.104740 
90900	0.104726 
91000	0.104712 
91100	0.104755 
91200	0.104730 
91300	0.104738 
91400	0.104730 
91500	0.104702 
91600	0.104745 
91700	0.104747 
91800	0.104605 
91900	0.104600 
92000	0.104624 
92100	0.104670 
92200	0.104655 
92300	0.104657 
92400	0.104694 
92500	0.104697 
92600	0.104704 
92700	0.104621 
92800	0.104621 
92900	0.104573 
93000	0.104608 
93100	0.104589 
93200	0.104584 
93300	0.104575 
93400	0.104628 
93500	0.104624 
93600	0.104622 
93700	0.104687 
93800	0.104612 
93900	0.104602 
94000	0.104643 
94100	0.104614 
94200	0.104579 
94300	0.104620 
94400	0.104683 
94500	0.104624 
94600	0.104627 
94700	0.104557 
94800	0.104625 
94900	0.104672 
95000	0.104675 
95100	0.104679 
95200	0.104717 
95300	0.104710 
95400	0.104683 
95500	0.104648 
95600	0.104685 
95700	0.104621 
95800	0.104651 
95900	0.104632 
96000	0.104608 
96100	0.104662 
96200	0.104584 
96300	0.104567 
96400	0.104548 
96500	0.104550 
96600	0.104493 
96700	0.104509 
96800	0.104537 
96900	0.104588 
97000	0.104539 
97100	0.104523 
97200	0.104528 
97300	0.104532 
97400	0.104501 
97500	0.104508 
97600	0.104565 
97700	0.104532 
97800	0.104485 
97900	0.104493 
98000	0.104425 
98100	0.104497 
98200	0.104495 
98300	0.104503 
98400	0.104579 
98500	0.104586 
98600	0.104522 
98700	0.104548 
98800	0.104523 
98900	0.104532 
99000	0.104518 
99100	0.104569 
99200	0.104617 
99300	0.104524 
99400	0.104577 
99500	0.104607 
99600	0.104585 
99700	0.104570 
99800	0.104510 
99900	0.104519 
100000	0.104550 
