100	0.185600 
200	0.147400 
300	0.135061 
400	0.123902 
500	0.118319 
600	0.116551 
700	0.116406 
800	0.109202 
900	0.107653 
1000	0.101615 
1100	0.097881 
1200	0.095145 
1300	0.093125 
1400	0.091456 
1500	0.089990 
1600	0.093118 
1700	0.092215 
1800	0.095992 
1900	0.091815 
2000	0.089755 
2100	0.087993 
2200	0.087350 
2300	0.086909 
2400	0.086592 
2500	0.086534 
2600	0.086274 
2700	0.086116 
2800	0.086079 
2900	0.085950 
3000	0.086149 
3100	0.086094 
3200	0.085984 
3300	0.085943 
3400	0.085859 
3500	0.085753 
3600	0.085796 
3700	0.085790 
3800	0.085562 
3900	0.085292 
4000	0.084838 
4100	0.084528 
4200	0.084457 
4300	0.084323 
4400	0.084173 
4500	0.084144 
4600	0.084030 
4700	0.084001 
4800	0.083935 
4900	0.083967 
5000	0.083849 
5100	0.083662 
5200	0.083692 
5300	0.083554 
5400	0.083566 
5500	0.083547 
5600	0.083918 
5700	0.083700 
5800	0.083484 
5900	0.083346 
6000	0.083308 
6100	0.083256 
6200	0.083475 
6300	0.082909 
6400	0.082656 
6500	0.082639 
6600	0.082816 
6700	0.082963 
6800	0.082922 
6900	0.083169 
7000	0.083500 
7100	0.083573 
7200	0.083271 
7300	0.082868 
7400	0.082958 
7500	0.082934 
7600	0.082922 
7700	0.082958 
7800	0.082977 
7900	0.083220 
8000	0.083590 
8100	0.084165 
8200	0.084987 
8300	0.085204 
8400	0.085194 
8500	0.085359 
8600	0.086649 
8700	0.086258 
8800	0.086127 
8900	0.085815 
9000	0.085531 
9100	0.085369 
9200	0.085405 
9300	0.085378 
9400	0.085366 
9500	0.085262 
9600	0.085172 
9700	0.085102 
9800	0.085137 
9900	0.085478 
10000	0.085678 
10100	0.085718 
10200	0.085554 
10300	0.085530 
10400	0.085410 
10500	0.085437 
10600	0.085313 
10700	0.084607 
10800	0.084537 
10900	0.084584 
11000	0.084727 
11100	0.084760 
11200	0.084923 
11300	0.084880 
11400	0.084904 
11500	0.085027 
11600	0.084907 
11700	0.086927 
11800	0.086005 
11900	0.085043 
12000	0.084746 
12100	0.084131 
12200	0.083536 
12300	0.083320 
12400	0.083373 
12500	0.083606 
12600	0.083680 
12700	0.084023 
12800	0.084401 
12900	0.084821 
13000	0.085194 
13100	0.085620 
13200	0.086178 
13300	0.086957 
13400	0.086418 
13500	0.085137 
13600	0.084969 
13700	0.084943 
13800	0.084412 
13900	0.082831 
14000	0.082370 
14100	0.081927 
14200	0.081561 
14300	0.081354 
14400	0.081496 
14500	0.081140 
14600	0.081533 
14700	0.081801 
14800	0.081758 
14900	0.081782 
15000	0.082726 
15100	0.083379 
15200	0.084196 
15300	0.084301 
15400	0.084993 
15500	0.084893 
15600	0.084431 
15700	0.084142 
15800	0.089166 
15900	0.086806 
16000	0.087938 
16100	0.314178 
16200	0.263466 
16300	0.199507 
16400	0.150074 
16500	0.143935 
16600	0.142361 
16700	0.137754 
16800	0.146451 
16900	0.145462 
17000	0.139018 
17100	0.141374 
17200	0.134256 
17300	0.139052 
17400	0.146900 
17500	0.203996 
17600	0.169939 
17700	0.175883 
17800	0.163561 
17900	0.164941 
18000	0.179613 
18100	0.168262 
18200	0.176039 
18300	0.168491 
18400	0.177743 
18500	0.174647 
18600	0.171172 
18700	0.167958 
18800	0.165336 
18900	0.170596 
19000	0.178003 
19100	0.174096 
19200	0.170014 
19300	0.167880 
19400	0.170100 
19500	0.167917 
19600	0.193492 
19700	0.194079 
19800	0.170190 
19900	0.169362 
20000	0.170045 
20100	0.167887 
20200	0.166436 
20300	0.162690 
20400	0.166930 
20500	0.164607 
20600	0.166571 
20700	0.192092 
20800	0.175375 
20900	0.176741 
21000	0.174649 
21100	0.170802 
21200	0.202466 
21300	0.196015 
21400	0.196916 
21500	0.191506 
21600	0.197958 
21700	0.197135 
21800	0.202785 
21900	0.222484 
22000	0.203915 
22100	0.207661 
22200	0.218196 
22300	0.206455 
22400	0.210292 
22500	0.214596 
22600	0.219017 
22700	0.227174 
22800	0.227722 
22900	0.223331 
23000	0.227046 
23100	0.226558 
23200	0.239220 
23300	0.233501 
23400	0.230981 
23500	0.237394 
23600	0.231959 
23700	0.225978 
23800	0.226370 
23900	0.232539 
24000	0.229375 
24100	0.229332 
24200	0.223922 
24300	0.225392 
24400	0.227640 
24500	0.230235 
24600	0.229951 
24700	0.233936 
24800	0.235090 
24900	0.233185 
25000	0.230431 
25100	0.233722 
25200	0.230123 
25300	0.226160 
25400	0.234298 
25500	0.237335 
25600	0.235178 
25700	0.234813 
25800	0.239735 
25900	0.239746 
26000	0.242516 
26100	0.241342 
26200	0.239256 
26300	0.237586 
26400	0.239887 
26500	0.241708 
26600	0.237499 
26700	0.240212 
26800	0.238912 
26900	0.234761 
27000	0.233431 
27100	0.231734 
27200	0.229687 
27300	0.232955 
27400	0.231798 
27500	0.233208 
27600	0.232086 
27700	0.233104 
27800	0.229069 
27900	0.233299 
28000	0.236397 
28100	0.234016 
28200	0.234875 
28300	0.239078 
28400	0.243797 
28500	0.245497 
28600	0.242360 
28700	0.241088 
28800	0.242793 
28900	0.240324 
29000	0.239819 
29100	0.240530 
29200	0.241080 
29300	0.241424 
29400	0.243884 
29500	0.240829 
29600	0.239218 
29700	0.241432 
29800	0.235605 
29900	0.238861 
30000	0.237844 
30100	0.237078 
30200	0.238882 
30300	0.235774 
30400	0.237746 
30500	0.235040 
30600	0.235692 
30700	0.235665 
30800	0.232927 
30900	0.235772 
31000	0.236260 
31100	0.234212 
31200	0.232533 
31300	0.240883 
31400	0.238093 
31500	0.238977 
31600	0.241716 
31700	0.243790 
31800	0.242364 
31900	0.245908 
32000	0.244583 
32100	0.246099 
32200	0.245099 
32300	0.242460 
32400	0.234785 
32500	0.234198 
32600	0.231486 
32700	0.232684 
32800	0.234304 
32900	0.234257 
33000	0.235922 
33100	0.233773 
33200	0.233687 
33300	0.233477 
33400	0.231590 
33500	0.233489 
33600	0.234921 
33700	0.236548 
33800	0.232700 
33900	0.234571 
34000	0.233589 
34100	0.234527 
34200	0.234154 
34300	0.233511 
34400	0.238179 
34500	0.238561 
34600	0.237591 
34700	0.235692 
34800	0.234237 
34900	0.234791 
35000	0.233352 
35100	0.231150 
35200	0.229058 
35300	0.230536 
35400	0.227457 
35500	0.233461 
35600	0.233882 
35700	0.236442 
35800	0.236337 
35900	0.234707 
36000	0.233198 
36100	0.234555 
36200	0.234334 
36300	0.238254 
36400	0.237222 
36500	0.234158 
36600	0.232871 
36700	0.232028 
36800	0.230257 
36900	0.231453 
37000	0.230621 
37100	0.230216 
37200	0.232093 
37300	0.234038 
37400	0.229462 
37500	0.227818 
37600	0.233192 
37700	0.235956 
37800	0.232057 
37900	0.231600 
38000	0.232205 
38100	0.230701 
38200	0.234956 
38300	0.238155 
38400	0.238794 
38500	0.238742 
38600	0.238035 
38700	0.238694 
38800	0.239103 
38900	0.234698 
39000	0.233054 
39100	0.235947 
39200	0.236848 
39300	0.239393 
39400	0.236628 
39500	0.241193 
39600	0.233615 
39700	0.239450 
39800	0.234518 
39900	0.235802 
40000	0.233886 
40100	0.235129 
40200	0.232282 
40300	0.232601 
40400	0.233434 
40500	0.231558 
40600	0.232051 
40700	0.231863 
40800	0.233225 
40900	0.231925 
41000	0.232202 
41100	0.232067 
41200	0.232805 
41300	0.231266 
41400	0.234018 
41500	0.232851 
41600	0.233778 
41700	0.233267 
41800	0.233899 
41900	0.231562 
42000	0.228531 
42100	0.229536 
42200	0.231118 
42300	0.232399 
42400	0.230969 
42500	0.229824 
42600	0.230176 
42700	0.228538 
42800	0.228696 
42900	0.235041 
43000	0.235298 
43100	0.233747 
43200	0.236026 
43300	0.232524 
43400	0.231730 
43500	0.226896 
43600	0.230858 
43700	0.229746 
43800	0.226269 
43900	0.228472 
44000	0.229909 
44100	0.242306 
44200	0.233394 
44300	0.232656 
44400	0.229241 
44500	0.229998 
44600	0.232373 
44700	0.226179 
44800	0.229366 
44900	0.228806 
45000	0.231880 
45100	0.228465 
45200	0.233829 
45300	0.230647 
45400	0.229634 
45500	0.228775 
45600	0.229955 
45700	0.228940 
45800	0.227250 
45900	0.223641 
46000	0.222196 
46100	0.224381 
46200	0.223153 
46300	0.225424 
46400	0.228413 
46500	0.229603 
46600	0.227017 
46700	0.229415 
46800	0.232190 
46900	0.228196 
47000	0.227100 
47100	0.228356 
47200	0.226752 
47300	0.226703 
47400	0.230275 
47500	0.227152 
47600	0.227951 
47700	0.226400 
47800	0.227307 
47900	0.227180 
48000	0.224973 
48100	0.225404 
48200	0.227234 
48300	0.224294 
48400	0.224663 
48500	0.227295 
48600	0.228413 
48700	0.230493 
48800	0.231255 
48900	0.229827 
49000	0.230740 
49100	0.231515 
49200	0.230306 
49300	0.232973 
49400	0.232321 
49500	0.228620 
49600	0.225536 
49700	0.225131 
49800	0.225902 
49900	0.231023 
50000	0.225701 
50100	0.226754 
50200	0.228067 
50300	0.225273 
50400	0.224141 
50500	0.224493 
50600	0.220217 
50700	0.225876 
50800	0.229952 
50900	0.231998 
51000	0.225497 
51100	0.224235 
51200	0.224375 
51300	0.227580 
51400	0.226864 
51500	0.227201 
51600	0.230709 
51700	0.231639 
51800	0.231690 
51900	0.234346 
52000	0.235712 
52100	0.226649 
52200	0.224784 
52300	0.227325 
52400	0.225024 
52500	0.227426 
52600	0.230483 
52700	0.227894 
52800	0.228027 
52900	0.228726 
53000	0.226654 
53100	0.230725 
53200	0.227729 
53300	0.228138 
53400	0.229757 
53500	0.227654 
53600	0.227370 
53700	0.227894 
53800	0.233191 
53900	0.226777 
54000	0.231598 
54100	0.228709 
54200	0.225733 
54300	0.225870 
54400	0.224571 
54500	0.226712 
54600	0.226661 
